1
2
3
4
5
6
7
8
9
10
11
12
13
14
15
16
17
20
23
24
26
28
30
35
36
37
38
39
40
41
42
44
45
47
48
49
50
51
53
56
59
61
62
63
64
65
66
67
68
69
72
73
74
75
76
77
78
79
80
81
82
83
87
88
89
90
91
92
94
95
96
97
98
99
101
102
103
105
107
110
111
112
113
114
116
117
118
119
121
122
125
126
127
130
131
133
134
135
136
137
139
140
142
143
153
154
155
158
161
167
170
171
173
174
181
182
183
185
186
189
191
192
195
197
198
199
202
204
205
207
208
209
217
221
222
224
226
227
229
230
233
234
235
237
238
239
242
243
247
249
250
252
253
254
255
256
260
261
262
263
264
265
266
267
269
271
272
275
277
280
281
283
284
285
287
295
299
300
301
302
304
305
309
311
312
314
315
316
317
318
319
320
323
325
327
329
334
336
338
339
340
341
342
343
345
346
347
349
350
352
353
354
355
356
357
358
359
367
368
371
372
373
374
377
378
380
386
387
389
390
391
394
395
396
397
402
403
405
406
407
408
410
411
413
414
415
417
423
425
426
428
429
431
432
433
437
440
442
444
446
447
449
450
451
452
456
457
460
462
463
464
471
473
475
476
479
480
481
482
484
493
497
499
500
503
505
506
508
510
512
513
518
519
521
522
523
524
527
528
529
531
534
535
536
537
538
540
541
543
547
548
551
552
554
555
556
561
563
564
565
567
568
569
573
574
579
580
584
585
586
587
588
589
591
593
594
595
598
599
601
603
604
606
608
609
610
611
613
614
615
616
617
618
621
622
624
625
626
629
630
632
633
634
636
639
640
642
643
645
646
648
651
653
654
656
657
660
661
662
663
665
670
672
673
679
685
687
690
691
692
697
701
705
707
711
712
716
718
721
722
723
725
727
729
733
734
735
736
739
740
741
743
744
745
746
747
748
749
752
755
756
758
759
760
761
762
765
766
768
769
773
774
775
777
779
780
781
782
784
787
789
794
796
798
799
803
804
805
807
809
811
812
813
814
815
816
817
818
819
821
823
826
829
830
836
837
842
843
844
845
847
851
853
855
861
862
865
866
869
870
871
873
875
878
880
881
882
883
884
886
887
888
890
891
894
895
899
901
904
908
909
911
920
922
923
924
928
929
932
938
940
941
942
943
944
948
949
950
954
955
960
963
964
966
968
970
971
972
977
980
987
992
997
998
1000
1002
1003
1004
1007
1008
1012
1013
1014
1016
1017
1018
1023
1027
1028
1029
1030
1032
1033
1034
1035
1036
1037
1038
1039
1042
1043
1046
1047
1048
1049
1052
1055
1057
1059
1062
1064
1065
1066
1067
1068
1070
1071
1072
1075
1077
1078
1080
1083
1084
1086
1087
1088
1090
1091
1092
1095
1096
1097
1098
1100
1105
1106
1110
1112
1114
1115
1126
1127
1128
1129
1130
1138
1139
1140
1143
1146
1147
1148
1151
1152
1153
1154
1156
1157
1158
1162
1163
1167
1168
1171
1173
1174
1181
1183
1184
1186
1188
1194
1195
1198
1199
1200
1202
1206
1208
1210
1211
1212
1216
1218
1219
1222
1224
1225
1228
1229
1233
1234
1236
1238
1240
1246
1247
1248
1251
1252
1253
1254
1256
1261
1262
1263
1264
1265
1267
1268
1270
1271
1273
1274
1277
1278
1279
1284
1286
1289
1292
1294
1295
1297
1298
1299
1301
1302
1303
1304
1305
1307
1308
1309
1311
1313
1316
1318
1320
1321
1323
1327
1328
1330
1334
1335
1336
1337
1338
1339
1340
1341
1342
1343
1345
1347
1350
1351
1358
1359
1361
1363
1366
1368
1369
1370
1371
1372
1375
1376
1381
1383
1389
1392
1393
1394
1395
1397
1399
1401
1403
1405
1406
1408
1410
1413
1414
1416
1417
1425
1426
1427
1429
1431
1432
1438
1444
1445
1446
1447
1449
1451
1452
1453
1455
1456
1460
1462
1463
1466
1470
1472
1474
1479
1481
1482
1484
1492
1493
1497
1498
1499
1500
1501
1502
1503
1506
1507
1509
1511
1513
1517
1520
1522
1526
1527
1530
1531
1533
1534
1535
1539
1543
1544
1547
1548
1549
1550
1551
1553
1554
1555
1556
1560
1567
1569
1571
1572
1574
1575
1576
1577
1578
1581
1582
1583
1584
1589
1591
1593
1594
1596
1597
1599
1602
1603
1604
1605
1607
1609
1612
1613
1616
1619
1621
1622
1625
1626
1628
1631
1633
1634
1637
1639
1643
1644
1645
1651
1652
1654
1655
1657
1658
1659
1660
1661
1663
1666
1671
1673
1675
1676
1678
1679
1681
1690
1694
1695
1697
1700
1703
1709
1711
1712
1715
1718
1719
1722
1723
1724
1728
1729
1730
1731
1739
1740
1743
1744
1747
1748
1749
1750
1751
1754
1758
1759
1760
1763
1764
1765
1767
1768
1770
1771
1772
1773
1775
1777
1781
1782
1786
1790
1793
1794
1799
1800
1801
1805
1806
1809
1810
1813
1823
1825
1826
1829
1830
1831
1835
1836
1837
1838
1840
1847
1848
1852
1853
1856
1858
1859
1861
1862
1866
1868
1872
1873
1877
1878
1879
1880
1882
1883
1885
1887
1888
1890
1891
1894
1902
1904
1905
1907
1908
1909
1910
1912
1913
1914
1921
1924
1925
1930
1931
1933
1934
1935
1936
1941
1944
1945
1946
1948
1950
1951
1952
1953
1954
1955
1956
1957
1959
1961
1963
1970
1971
1972
1973
1975
1976
1977
1978
1988
1989
1992
1993
1994
1995
1999
2001
2003
2012
2016
2019
2026
2027
2028
2029
2030
2032
2033
2035
2036
2039
2044
2046
2050
2052
2053
2055
2058
2062
2064
2065
2067
2070
2071
2074
2075
2078
2079
2084
2085
2086
2088
2091
2092
2098
2108
2109
2121
2126
2128
2129
2130
2131
2132
2134
2138
2139
2140
2141
2145
2148
2149
2151
2152
2154
2158
2160
2161
2162
2163
2164
2167
2170
2172
2173
2175
2177
2178
2189
2190
2234
2236
2237
2238
2241
2242
2243
2534
2667
2861
